# Camera response curve, channel IY
# data layout: log10(response) | camera output | response
# name: IY
# type: matrix
# rows: 256
# columns: 3
 -2.398252e+00    0 3.997128e-03
 -2.398252e+00    1 3.997128e-03
 -2.229554e+00    2 5.894486e-03
 -2.085692e+00    3 8.209327e-03
 -2.020967e+00    4 9.528684e-03
 -1.955881e+00    5 1.106928e-02
 -1.903294e+00    6 1.249413e-02
 -1.843308e+00    7 1.434473e-02
 -1.786317e+00    8 1.635624e-02
 -1.739585e+00    9 1.821440e-02
 -1.700966e+00   10 1.990829e-02
 -1.685225e+00   11 2.064309e-02
 -1.664265e+00   12 2.166381e-02
 -1.620919e+00   13 2.393765e-02
 -1.571030e+00   14 2.685158e-02
 -1.516385e+00   15 3.045191e-02
 -1.480924e+00   16 3.304274e-02
 -1.442822e+00   17 3.607269e-02
 -1.426584e+00   18 3.744688e-02
 -1.410451e+00   19 3.886416e-02
 -1.395157e+00   20 4.025719e-02
 -1.374767e+00   21 4.219227e-02
 -1.349914e+00   22 4.467723e-02
 -1.322491e+00   23 4.758925e-02
 -1.285341e+00   24 5.183925e-02
 -1.265349e+00   25 5.428143e-02
 -1.262786e+00   26 5.460266e-02
 -1.259997e+00   27 5.495453e-02
 -1.254266e+00   28 5.568447e-02
 -1.219603e+00   29 6.031101e-02
 -1.190407e+00   30 6.450500e-02
 -1.163347e+00   31 6.865189e-02
 -1.141705e+00   32 7.215979e-02
 -1.122482e+00   33 7.542540e-02
 -1.104930e+00   34 7.853619e-02
 -1.078370e+00   35 8.348922e-02
 -1.060987e+00   36 8.689872e-02
 -1.044907e+00   37 9.017650e-02
 -1.027450e+00   38 9.387502e-02
 -1.021912e+00   39 9.507979e-02
 -1.018918e+00   40 9.573752e-02
 -1.008334e+00   41 9.809927e-02
 -9.868581e-01   42 1.030723e-01
 -9.726276e-01   43 1.065056e-01
 -9.647407e-01   44 1.084574e-01
 -9.484848e-01   45 1.125940e-01
 -9.361782e-01   46 1.158302e-01
 -9.129838e-01   47 1.221845e-01
 -8.871164e-01   48 1.296832e-01
 -8.718979e-01   49 1.343081e-01
 -8.618717e-01   50 1.374448e-01
 -8.531352e-01   51 1.402377e-01
 -8.440519e-01   52 1.432017e-01
 -8.296167e-01   53 1.480415e-01
 -8.207736e-01   54 1.510868e-01
 -8.173791e-01   55 1.522723e-01
 -8.115513e-01   56 1.543294e-01
 -8.022360e-01   57 1.576754e-01
 -7.929916e-01   58 1.610677e-01
 -7.844201e-01   59 1.642782e-01
 -7.766696e-01   60 1.672362e-01
 -7.693225e-01   61 1.700895e-01
 -7.610269e-01   62 1.733696e-01
 -7.525662e-01   63 1.767803e-01
 -7.445037e-01   64 1.800928e-01
 -7.396659e-01   65 1.821101e-01
 -7.393467e-01   66 1.822440e-01
 -7.346423e-01   67 1.842289e-01
 -7.286412e-01   68 1.867922e-01
 -7.259389e-01   69 1.879581e-01
 -7.232217e-01   70 1.891378e-01
 -7.227717e-01   71 1.893339e-01
 -7.210339e-01   72 1.900930e-01
 -7.101846e-01   73 1.949016e-01
 -6.998888e-01   74 1.995773e-01
 -6.963272e-01   75 2.012208e-01
 -6.910301e-01   76 2.036901e-01
 -6.820878e-01   77 2.079276e-01
 -6.635875e-01   78 2.169764e-01
 -6.547077e-01   79 2.214585e-01
 -6.477719e-01   80 2.250236e-01
 -6.322865e-01   81 2.331919e-01
 -6.196079e-01   82 2.401000e-01
 -6.171410e-01   83 2.414677e-01
 -6.149229e-01   84 2.427041e-01
 -6.048639e-01   85 2.483911e-01
 -5.901556e-01   86 2.569475e-01
 -5.813470e-01   87 2.622122e-01
 -5.712965e-01   88 2.683512e-01
 -5.637484e-01   89 2.730559e-01
 -5.561993e-01   90 2.778438e-01
 -5.514024e-01   91 2.809297e-01
 -5.493355e-01   92 2.822698e-01
 -5.459794e-01   93 2.844596e-01
 -5.416791e-01   94 2.872903e-01
 -5.377335e-01   95 2.899122e-01
 -5.355663e-01   96 2.913625e-01
 -5.355663e-01   97 2.913625e-01
 -5.356715e-01   98 2.912920e-01
 -5.356715e-01   99 2.912920e-01
 -5.336744e-01  100 2.926346e-01
 -5.310527e-01  101 2.944064e-01
 -5.305818e-01  102 2.947258e-01
 -5.254426e-01  103 2.982342e-01
 -5.158523e-01  104 3.048932e-01
 -5.091415e-01  105 3.096410e-01
 -5.021650e-01  106 3.146553e-01
 -4.933109e-01  107 3.211361e-01
 -4.849623e-01  108 3.273692e-01
 -4.755665e-01  109 3.345288e-01
 -4.630224e-01  110 3.443322e-01
 -4.514404e-01  111 3.536385e-01
 -4.456915e-01  112 3.583509e-01
 -4.416195e-01  113 3.617266e-01
 -4.347987e-01  114 3.674526e-01
 -4.248364e-01  115 3.759790e-01
 -4.107005e-01  116 3.884181e-01
 -3.956991e-01  117 4.020693e-01
 -3.823613e-01  118 4.146090e-01
 -3.727582e-01  119 4.238788e-01
 -3.688606e-01  120 4.277001e-01
 -3.686430e-01  121 4.279145e-01
 -3.682822e-01  122 4.282702e-01
 -3.658046e-01  123 4.307203e-01
 -3.607985e-01  124 4.357139e-01
 -3.545450e-01  125 4.420333e-01
 -3.471639e-01  126 4.496101e-01
 -3.393206e-01  127 4.578038e-01
 -3.313388e-01  128 4.662955e-01
 -3.230402e-01  129 4.752912e-01
 -3.138690e-01  130 4.854349e-01
 -3.053923e-01  131 4.950028e-01
 -2.963352e-01  132 5.054345e-01
 -2.854278e-01  133 5.182893e-01
 -2.757023e-01  134 5.300267e-01
 -2.690248e-01  135 5.382391e-01
 -2.616336e-01  136 5.474776e-01
 -2.516182e-01  137 5.602499e-01
 -2.409469e-01  138 5.741867e-01
 -2.323266e-01  139 5.856975e-01
 -2.263326e-01  140 5.938373e-01
 -2.221030e-01  141 5.996488e-01
 -2.185401e-01  142 6.045886e-01
 -2.152233e-01  143 6.092236e-01
 -2.116469e-01  144 6.142613e-01
 -2.087949e-01  145 6.183083e-01
 -2.062602e-01  146 6.219275e-01
 -2.032035e-01  147 6.263203e-01
 -2.001628e-01  148 6.307209e-01
 -1.963036e-01  149 6.363505e-01
 -1.914975e-01  150 6.434318e-01
 -1.865484e-01  151 6.508061e-01
 -1.818321e-01  152 6.579122e-01
 -1.798142e-01  153 6.609762e-01
 -1.793147e-01  154 6.617368e-01
 -1.768828e-01  155 6.654528e-01
 -1.726852e-01  156 6.719157e-01
 -1.643050e-01  157 6.850070e-01
 -1.548081e-01  158 7.001513e-01
 -1.507463e-01  159 7.067303e-01
 -1.481521e-01  160 7.109645e-01
 -1.443689e-01  161 7.171848e-01
 -1.378589e-01  162 7.280163e-01
 -1.322972e-01  163 7.373995e-01
 -1.288369e-01  164 7.432983e-01
 -1.237561e-01  165 7.520451e-01
 -1.176681e-01  166 7.626616e-01
 -1.118527e-01  167 7.729427e-01
 -1.057395e-01  168 7.838997e-01
 -9.977612e-02  169 7.947378e-01
 -9.263390e-02  170 8.079158e-01
 -8.692178e-02  171 8.186122e-01
 -8.215715e-02  172 8.276426e-01
 -7.464271e-02  173 8.420876e-01
 -6.658683e-02  174 8.578536e-01
 -5.663076e-02  175 8.777468e-01
 -4.495658e-02  176 9.016613e-01
 -3.652516e-02  177 9.193372e-01
 -2.856621e-02  178 9.363405e-01
 -2.227629e-02  179 9.500002e-01
 -1.749188e-02  180 9.605238e-01
 -1.111356e-02  181 9.747347e-01
 -4.179769e-03  182 9.904219e-01
 3.292453e-03  183 1.007610e+00
 1.099172e-02  184 1.025632e+00
 1.992104e-02  185 1.046938e+00
 2.896415e-02  186 1.068967e+00
 3.706315e-02  187 1.089088e+00
 4.217088e-02  188 1.101973e+00
 4.696692e-02  189 1.114210e+00
 5.119362e-02  190 1.125106e+00
 5.461203e-02  191 1.133997e+00
 5.953636e-02  192 1.146929e+00
 6.495827e-02  193 1.161337e+00
 6.718412e-02  194 1.167304e+00
 6.718412e-02  195 1.167304e+00
 6.596691e-02  196 1.164037e+00
 6.471574e-02  197 1.160689e+00
 6.357267e-02  198 1.157638e+00
 6.285187e-02  199 1.155718e+00
 6.285187e-02  200 1.155718e+00
 6.393365e-02  201 1.158600e+00
 7.159957e-02  202 1.179233e+00
 7.991240e-02  203 1.202022e+00
 8.496281e-02  204 1.216082e+00
 9.264550e-02  205 1.237786e+00
 9.994778e-02  206 1.258774e+00
 1.144612e-01  207 1.301551e+00
 1.277985e-01  208 1.342142e+00
 1.422779e-01  209 1.387644e+00
 1.435903e-01  210 1.391843e+00
 1.483468e-01  211 1.407171e+00
 1.581919e-01  212 1.439435e+00
 1.748505e-01  213 1.495721e+00
 1.933476e-01  214 1.560801e+00
 2.122007e-01  215 1.630049e+00
 2.256943e-01  216 1.681490e+00
 2.256943e-01  217 1.681490e+00
 2.245052e-01  218 1.676893e+00
 2.245052e-01  219 1.676893e+00
 2.322540e-01  220 1.707080e+00
 2.390537e-01  221 1.734018e+00
 2.480798e-01  222 1.770434e+00
 2.591592e-01  223 1.816181e+00
 2.708356e-01  224 1.865674e+00
 2.814147e-01  225 1.911678e+00
 2.866434e-01  226 1.934833e+00
 3.041076e-01  227 2.014223e+00
 3.227073e-01  228 2.102361e+00
 3.355815e-01  229 2.165617e+00
 3.369522e-01  230 2.172462e+00
 3.562013e-01  231 2.270917e+00
 3.795899e-01  232 2.396569e+00
 3.870756e-01  233 2.438235e+00
 3.900786e-01  234 2.455153e+00
 3.958321e-01  235 2.487895e+00
 3.997082e-01  236 2.510199e+00
 4.063445e-01  237 2.548851e+00
 4.137678e-01  238 2.592793e+00
